[array([0., 1.]), array([0.818182, 0.979798]), array([0.4, 0.4, 0.5]), array([0.444444, 0.444444, 0.333333, 0.444444]), array([0.333333, 0.777778, 1.      , 0.888889]), array([0.6, 0.4, 0.2, 0.8, 0.4]), array([0.      , 0.333333, 0.333333, 0.333333, 0.333333, 0.666667]), array([0. , 0. , 0. , 0. , 1. , 0.5, 0. , 0.5])]
[array([0.991136, 0.999716]), array([0.700044, 0.924038]), array([0.382079, 0.082143, 0.415086]), array([0.371555, 0.443708, 0.390991, 0.441636]), array([0.47722 , 0.584508, 0.98071 , 0.998791]), array([0.424306, 0.297602, 0.51109 , 0.732359, 0.150509]), array([0.005219, 0.259438, 0.518928, 0.314567, 0.276139, 0.736165]), array([0.113488, 0.742519, 0.035154, 0.104567, 0.764046, 0.089689,
       0.088474, 0.86217 ])]
[array([0.988139, 0.003201]), array([0.587135, 0.999144]), array([0.686219, 0.965295, 0.008061]), array([0.479035, 0.661667, 0.470997, 0.414172]), array([0.448017, 0.700329, 0.877185, 0.931868]), array([0.633504, 0.263966, 0.548564, 0.753416, 0.180329]), array([0.161154, 0.286408, 0.401222, 0.289917, 0.297488, 0.609622]), array([0.234975, 0.024894, 0.039076, 0.042315, 0.52454 , 0.790153,
       0.520251, 0.9435  ])]
[array([0.311398, 0.065082]), array([0.699362, 0.969649]), array([0.990789, 0.867287, 0.920269]), array([0.481575, 0.419855, 0.265974, 0.377497]), array([0.035724, 0.554753, 0.98265 , 0.988538]), array([0.133137, 0.11754 , 0.512462, 0.869852, 0.043757]), array([0.218219, 0.102232, 0.436803, 0.134829, 0.398359, 0.727211]), array([0.319611, 0.26377 , 0.002151, 0.0445  , 0.652014, 0.056169,
       0.040073, 0.1513  ])]
[array([0.664105, 0.861791]), array([0.702977, 0.174143]), array([0.554431, 0.70374 , 0.627966]), array([0.344979, 0.44283 , 0.40913 , 0.411514]), array([0.035724, 0.554753, 0.98265 , 0.988538]), array([0.292373, 0.555155, 0.275867, 0.928773, 0.018535]), array([0.031782, 0.253019, 0.310365, 0.183454, 0.216561, 0.542948]), array([0.004154, 0.294467, 0.063234, 0.712174, 0.8105  , 0.829647,
       0.137503, 0.568617])]
[array([0.761128, 0.727887]), array([0.74755 , 0.132393]), array([0.009577, 0.017845, 0.580557]), array([0.320989, 0.448133, 0.475553, 0.470419]), array([0.159365, 0.17835 , 0.984105, 0.977938]), array([3.87820e-01, 3.24020e-01, 5.02046e-01, 5.47600e-01, 2.61000e-04]), array([0.165071, 0.251885, 0.511388, 0.279994, 0.254121, 0.905254]), array([0.043602, 0.173259, 0.106721, 0.201692, 0.341544, 0.34912 ,
       0.056008, 0.573918])]
[array([0.431172, 0.460856]), array([0.691181, 0.030904]), array([0.992008, 0.933587, 0.478545]), array([0.360093, 0.421664, 0.315884, 0.428831]), array([0.422117, 0.98811 , 0.996987, 0.977815]), array([0.454313, 0.030663, 0.957583, 0.849942, 0.051358]), array([0.359896, 0.067656, 0.232923, 0.291618, 0.007292, 0.991239]), array([0.059119, 0.145854, 0.13244 , 0.189485, 0.368022, 0.335034,
       0.031071, 0.570664])]
[array([0.002136, 0.034212]), array([0.704817, 0.07277 ]), array([0.901348, 0.991724, 0.722289]), array([0.360294, 0.426204, 0.301103, 0.366533]), array([0.298359, 0.033399, 0.663377, 0.976296]), array([0.560607, 0.037998, 0.555846, 0.922262, 0.084834]), array([0.357711, 0.285407, 0.989186, 0.027131, 0.47266 , 0.805026]), array([0.022333, 0.16957 , 0.121178, 0.209329, 0.336229, 0.379616,
       0.083715, 0.557324])]
[array([0.680429, 0.008475]), array([0.6863  , 0.869437]), array([0.229849, 0.282614, 0.097954]), array([0.328463, 0.492438, 0.344578, 0.400875]), array([0.2269  , 0.965602, 0.979148, 0.99822 ]), array([0.56772 , 0.141369, 0.901716, 0.624351, 0.389088]), array([0.216701, 0.169124, 0.159157, 0.152432, 0.382538, 0.954766]), array([0.002171, 0.162139, 0.09235 , 0.212842, 0.347231, 0.390262,
       0.052474, 0.526157])]
[array([0.68136 , 0.444841]), array([0.678834, 0.994619]), array([0.722695, 0.834322, 0.524457]), array([0.416304, 0.360951, 0.296908, 0.471065]), array([0.718061, 0.962901, 0.885712, 0.992318]), array([0.484673, 0.442543, 0.634443, 0.781477, 0.015225]), array([0.064533, 0.132419, 0.067593, 0.128513, 0.348504, 0.636201]), array([0.046297, 0.149767, 0.090613, 0.184564, 0.311045, 0.378903,
       0.112871, 0.587818])]
[array([0.050078, 0.687385]), array([0.687973, 0.816819]), array([0.676698, 0.698468, 0.381382]), array([0.38877 , 0.496314, 0.322133, 0.439746]), array([0.997266, 0.990628, 0.881919, 0.9775  ]), array([0.592475, 0.392294, 0.946376, 0.884715, 0.02864 ]), array([0.065605, 0.021094, 0.593464, 0.054811, 0.245697, 0.819508]), array([0.065443, 0.12485 , 0.098666, 0.19456 , 0.340395, 0.391184,
       0.132423, 0.557082])]
[array([0.612781, 0.242948]), array([0.68934 , 0.662364]), array([0.99266 , 0.632221, 0.361326]), array([0.410228, 0.427419, 0.406897, 0.354465]), array([0.875146, 0.944727, 0.954943, 0.957291]), array([0.257617, 0.267815, 0.677029, 0.898664, 0.148929]), array([0.09041 , 0.155066, 0.738696, 0.274751, 0.263888, 0.780276]), array([0.088269, 0.129351, 0.112707, 0.221413, 0.366363, 0.399129,
       0.160271, 0.582836])]